
In [24]: def matrix(image_all):
    ...:     import numpy as np
    ...:     from PIL import Image
    ...:     image=Image.open(image_all)
    ...:     matrix=np.asarray(image)
    ...:     print(matrix)
    ...:

In [25]: matrix("C:/Users/hp/Downloads/letters/malayalam-letters.gif")
[[12 12 12 ... 12 12 12]
 [12 12 12 ... 12 12 12]
 [12 12 12 ... 12 12 12]
 ...
 [12 12 12 ... 12 12 12]
 [12 12 12 ... 12 12 12]
 [12 12 12 ... 12 12 12]]

In [26]: matrix("C:/Users/hp/Downloads/letters/telugu-letters.gif")
[[13 13 13 ... 13 13 13]
 [71  0  9 ... 13 13 13]
 [57 11 15 ... 13 13 13]
 ...
 [13 13 13 ... 13 13 13]
 [13 13 13 ... 13 13 13]
 [13 13 13 ... 13 13 13]]

In [27]: matrix("C:/Users/hp/Desktop/tiger.jpg")
[[[ 25  38  29]
  [ 24  37  28]
  [ 25  38  28]
  ...
  [ 19  20  24]
  [ 17  18  22]
  [ 15  19  22]]

 [[ 30  43  33]
  [ 29  42  32]
  [ 29  42  32]
  ...
  [ 19  20  24]
  [ 17  21  24]
  [ 16  20  23]]

 [[ 40  54  37]
  [ 38  52  37]
  [ 37  51  36]
  ...
  [ 17  21  24]
  [ 17  22  25]
  [ 16  21  24]]

 ...

 [[127 156 108]
  [129 158 110]
  [131 159 111]
  ...
  [ 45  62  43]
  [ 41  58  40]
  [ 38  55  37]]

 [[129 158 110]
  [129 158 110]
  [130 159 113]
  ...
  [ 46  61  42]
  [ 39  56  37]
  [ 37  54  35]]

 [[129 158 110]
  [130 159 111]
  [131 160 114]
  ...
  [ 45  60  41]
  [ 39  56  37]
  [ 37  54  35]]]

In [28]: matrix("C:/Users/hp/Desktop/tamil-letters.jpg")
[[[255 255 255]
  [255 255 255]
  [255 255 255]
  ...
  [255 255 255]
  [255 255 255]
  [255 255 255]]

 [[255 255 255]
  [255 255 255]
  [255 255 255]
  ...
  [255 255 255]
  [255 255 255]
  [255 255 255]]

 [[255 255 255]
  [255 255 255]
  [255 255 255]
  ...
  [255 255 255]
  [255 255 255]
  [255 255 255]]

 ...

 [[255 255 255]
  [255 255 255]
  [255 255 255]
  ...
  [255 255 255]
  [255 255 255]
  [255 255 255]]

 [[255 255 255]
  [255 255 255]
  [255 255 255]
  ...
  [255 255 255]
  [255 255 255]
  [255 255 255]]

 [[255 255 255]
  [255 255 255]
  [255 255 255]
  ...
  [255 255 255]
  [255 255 255]
  [255 255 255]]]

In [29]:
